-212.54389656877225
-304.37114629182156
-384.3667087794689
-456.6545218464931
-527.4372085299158
-517.9710913326501
-565.023550604187
-612.7349992915579
-643.0201701292809
-659.3144267836433
-695.7921286201262
-738.2444852679391
-746.734250169736
-752.8997008321367
-755.2939216307385
-758.6505673670238
-774.4345757677912
-770.6344129554827
-767.0223698256654
-767.8220435950775
-769.6869495019599
-772.7823945891574
-782.0942639363199
-785.8461771777033
-787.3497935172902
-793.4790610767211
-793.5211709135405
-801.030059602106
-805.1433738363667
-801.5803388196321
-806.6261635077578
-806.1762734349743
-808.2826528853253
-810.9741667999073
-809.4933945847687
-808.5963968887502
-808.3202206955291
-809.1078367849465
-801.5722700084405
-808.0907417873035
-811.4595750659139
-810.8812685729462
-812.7832459585758
-815.7562970463908
-818.3335175839103
-817.5575064105927
-817.770697039305
-819.1928138344635
-820.7379345944692
-821.4713336734795
-823.9123111824349
-814.385750533217
-812.3854300304042
-816.9196212751498
-817.4638971032501
-825.3390387770476
-825.2207962854102
-825.4630659544282
-824.1303059702461
-824.0158255008462
-823.9837368321057
-824.0793268621495
-824.1273197866835
-821.8542777515077
-823.6969879116638
-824.7149175795095
-825.0805184933487
-824.9411362866988
-824.4694724991919
-824.5604756181469
-823.530917886897
-823.043586157181
-822.9936706645414
-824.339207082664
-821.9398850049372
-824.7954878946437
-825.0579035300358
-826.4460202419712
-829.6394210476009
-830.1600389436834
-830.3498053576569
-829.5345011422527
-828.9733864029532
-829.5809713463717
-831.5161417010629
-830.741086500458
-829.8626485147558
-830.5829987773806
-833.0231337762142
-834.1253346884592
-834.4093196301425
-834.7718069988159
-834.8618918100519
-835.2799983889051
-835.3703842280972
-835.5697661274286
-835.5632416440062
-835.4516211485351
-835.6062987438369
-835.6652044329484
