-834.7419624374168
-834.7419624374168
-835.9827534036783
-835.9827534036783
-837.8472816259984
-837.8472816259984
-837.8472816259984
-837.9655280322886
-837.9655280322886
-837.9655280322886
-837.9655280322886
-837.9655280322886
-837.9655280322886
-837.9655280322886
-837.9655280322886
-837.9655280322886
-837.9655280322886
-837.9655280322886
-837.9655280322886
-837.9655280322886
-837.9655280322886
-837.9655280322886
-837.9655280322886
-837.9655280322886
-837.9655280322886
-837.9655280322886
-837.9655280322886
-837.9655280322886
-837.9655280322886
-837.9655280322886
-837.9655280322886
-837.9655280322886
-837.9655280322886
-837.9655280322886
-837.9655280322886
-837.9655280322886
-837.9655280322886
-837.9655280322886
-837.9655280322886
-837.9655280322886
-837.9655280322886
-837.9655280322886
-837.9655280322886
-837.9655280322886
-837.9655280322886
-837.9655280322886
-837.9655280322886
-837.9655280322886
-837.9655280322886
-837.9655280322886
-837.9655280322886
-837.9655280322886
-837.9655280322886
-837.9655280322886
-837.9655280322886
-837.9655280322886
-837.9655280322886
-837.9655280322886
-837.9655280322886
-837.9655280322886
-837.9655280322886
-837.9655280322886
-837.9655280322886
-837.9655280322886
-837.9655280322886
-837.9655280322886
-837.9655280322886
-837.9655280322886
-837.9655280322886
-837.9655280322886
-837.9655280322886
-837.9655280322886
-837.9655280322886
-837.9655280322886
-837.9655280322886
-837.9655280322886
-837.9655280322886
-837.9655280322886
-837.9655280322886
-837.9655280322886
-837.9655280322886
-837.9655280322886
-837.9655280322886
-837.9655280322886
-837.9655280322886
-837.9655280322886
-837.9655280322886
-837.9655280322886
-837.9655280322886
-837.9655280322886
-837.9655280322886
-837.9655280322886
-837.9655280322886
-837.9655280322886
-837.9655280322886
-837.9655280322886
-837.9655280322886
-837.9655280322886
-837.9655280322886
-837.9655280322886
